30,30,20
1,0,0
29,29,19

100101011001110110111110001001
110100100010001111011001001000
000000110101001011110000111010
001000110110101100000101000011
100010000111001001110110010100
011000000000110001100000010100
011101101110000101111001111101
010000110010000011110000100001
111011001101011001000110001011
110000101000011100100000100101
011110011101001100001101101100
110110100101000000000110011101
001101001111001000001011110100
001100111111101011011000011010
000110000111110100111101011001
100001000101010011010011100010
001111000100000010010001101110
001111001011111110101000000110
110111100000000000010110011000
111111110100100110111000101110
101111100110110101010101000110
100111000000000000100010101111
110101001001111000110010111011
101001001000000101111101110101
100110111100100000101101110110
001111100101110100010100011110
010000001110100110011010001111
010011010101010100111100010010
001010000110101111011111000110
011100100101000001011011000010

111000010100100111011110101010
100001001111001111001101001110
010001101000101110000110010011
100011000010101110110101100000
110101100011111010011110101100
100110001100000110011011100011
101010000011010101111001001110
001000110011100111000110111100
101111111000110100010111100100
010011110111111010010010000111
010101001011100001110010100000
011001000110001011011011100110
100100011110011001110011101101
110100000000001111000011110101
100100100000111101001111010110
010011100111000010011000010100
001100000100001011100010101100
100011011010001100001111101011
110010010001000001000011010101
000101000000110000001000000011
100111000100111101000101100111
101001111001101100000111000110
010010100000111111000011101010
101110000001001110011100011101
110100010101000011110000010100
001101001101000001110000011011
110101011000110110110101010101
101110011101001100010101001110
100111101001100001010011111101
000001101000101010101011000101

110101000100001110010000110101
110110011101100111000111110111
111010000110101101001000001010
100000010010000101001111000110
101001111011110010101101111001
011111011100001101001101001100
001110000111110100001101101110
110101100010110011000001010111
110110110001100000000000001100
101001101001001010010110001001
000011110011001100101001100100
011101110011100111111001011100
011000101011011101001101010110
110111010110100010100001000011
010010010100110100000001000000
100101010010000110100000010110
110010101100011110001110001111
111110110000101000110101000011
001010010011100011111000000110
110111011101001011101001010011
000001110101001010110101000100
111110110010110001101000011111
011001001001001101010000011011
001011000101100100101001101110
111000101011000101011101011101
001000010000110000010101000000
101111100001011001011000111011
101110000010100011111101000110
110010010010010110110101110111
111010101010111110100111001111

110001010010001000100111001100
100110101010111101000111111011
101100010000110011100011011111
000001001101011110100101000011
011101010010000101000100111100
100011001010110011111111011110
101000110101001111001001101001
111101100101011010001100100011
100101000101011001011000111100
111010001111010011011110111100
110000000101000000110000011110
000111010010010000100110000100
110010111110010100001111110011
101101111100100111001111111101
101101001011001100110010011011
100111000110000000111101111110
111100001101101101011111001101
111101011001101111011101100111
011100011100101010101010100001
000000001001000010110011101100
011100010111100000111110101000
100111011101100010011111010011
000110000101100000001110010100
010111111011001100000001110011
100100100100001000001100101011
011001111100011100010010110100
011001000011111000100011000001
010001100111111111111111010111
111101101100110110001101001110
110001001110001000000101011011

001111000011100001101010110001
110001100100011100001110000111
111100010000100101000000110001
010100010001001111101110010010
100101000101011101001011100110
010010010110101110100000100101
110001110111101111100100011110
100101101011001001010010000110
111001111000110111111100110001
001010001111111101001110000000
110101110010010000110011100000
010011110110010001100101111010
101111110010100101111111110101
010001100100110110110100011011
100000111001111011001111101000
111111110000001111011001000011
111101111010000101100111001000
101011001110101000000010001000
100010010100000111000100111100
100101101000001100111110001100
001000011101110010010011110111
111101100100100110101001001101
000011010100100111100011111001
101010101101000110010110111101
001001000110111000101011101101
101110001011101001010010011110
111111001000100001010001000100
011000001000110111100110001000
011110110010010001011100011011
001001100110100110111001100000

111110100100101100101111110100
101110100101100000001101101100
000110011110000101011011101011
100001001111011000000111101101
010111010101000110101100101000
011000101001001001010101100111
101100101000100000100101010101
110110110001110110101011110101
011101111000101000010101110010
101100110101111011101110110111
111111001010101000011100000110
111101101101111111100101000010
000001011110101110000110110111
000110000011000110001011001110
000001011010100000101011001001
110100101010010001101110100000
011110100000010000110101010111
010100111001010011010100100111
000101110000011111111000111000
000010101110000100010111100011
101101100010101111011111010001
111110100001011111100111110010
100001010011100001101110110011
000011100000011110100011010000
010011101000001011011110110101
011111001100101001111001000111
011010101011100111000010010000
111101010101111000111000011011
010110010110000001111110100111
110101011011001101110001001001

100010110000101010110001010111
011100101001101001000010011101
111101010001001101001101010010
001110001101100010100011100000
111000010000101100111100101100
010010000101000100010011010111
010111001000100100111111100111
100011111000001011101011001111
001101010101110101010101100110
011110101011100000011011001001
101101111111101010101010001101
110101010111101111010101001110
110000111100110110000111100100
111001110011101000000010110011
100010111011000110100110111011
111000001110000010000101000100
010101011000001100100101011010
001000101001000111100110101111
000100010101100010101101110101
111010100110100010100110100011
111011011000001001111100100101
010111110111000001001010010001
110101001000101000110100110101
100010011100001100100101011000
101100010011011001111110100000
100010010000110011110111100101
000010101010000101111110010101
001110001011001010101111010000
100010010110010111011010100100
100110100011110111111110011000

100111000110011010101110010110
010001011101010001110011000111
101101001001100011110010101010
000110101111111100001110110011
110001000000001101111011101111
010111011101010011000001111010
011011001100110011111000101000
000010111010001011010001001000
110101001001111111100110001011
000000110011110001100001010000
010100001010101101101001110100
111101100000000101010011000110
110101110001010111010000000011
101001100010010010001100111100
010100010100100111110111000011
000011011000011111101100111101
011100101001000011000111001011
011111001001000000111001101101
001110111011111100111001011111
000001010111001101100001001101
101101001011111000001000010100
110100101000011100001000110111
001111001110111010000000000110
100101011011011101000011001101
111011000010010000100011100011
110111101111101100000000111011
111111000111000111111110010000
011010100110111100110000000111
101111100010000101111101100110
100100011010001101110101110101

110000011001100001011111100010
100101010100010001001010010100
101000100101101110111101010101
001001001010110111100010010101
011110110011111101101100101101
001101111001110000000110110001
100000110110111010101110001010
110000001001101111011010010101
010100010100011011011100001001
001001011111111011010010001000
010101111101010111001100001001
011000100111110010101110111011
101101100100011001111000000010
000100100011101100000101010011
110111000111110100100110000110
010010100110000010101011011011
101010011110100000001011101101
111110111000011111001101111000
100000000000001111110011101111
011101011000011110111011111110
010111111100010110000110111010
010100010100000100011110111111
010100011110011111100100000110
100111011000110100011000011110
000010101010111001000110010101
001101000011000111000100011010
100010111011110101000101110010
001001101111111000101011101010
111110101100001001001101010011
101001111101011000101101110001

111011011010101111101011010011
101100010111110001000110001100
110110010110010101010011011110
100011000010111000100011001010
010100000101001001000110011111
011001110110001100110011010111
110011111110000011010010000000
100111101011111110110101101100
101001100011010110001110111100
111110011110001101101101111011
111001000010111100011011101111
010110100110011000101000011111
001001110101000010000000001010
110001111100000100101001001110
100100010011100101010011101001
001101111110101100100110110001
001011010101111101000011010101
001010100110010000110011100001
011010000100111100011110001110
110001110111101001010000011101
011101110110101001111011011100
001011001000111001011000010110
100110101010010000000001100101
110001001010001001100100111100
010111100111110110001111001010
011101001101000110011000001010
100011101100100110011001100111
111001100011111011010101011110
111000100101100001101110010100
100010110001100000101110011110

010101111111001101011010011001
010111101001001100110101011011
101010101110001001000001101100
101110001110110010100000001011
000111100101011001110100101110
011100010000100111001000100001
111001000010011110011011001100
000100010101000000111100001000
001100110100111000000110001110
000111000110011011001101110011
100101010001101100111010101001
010101101010001000001111001110
101111011110101001100100010111
000111000010110101111100011010
001011110101110101100111110101
101110010110000111110000000001
000100010011111000100111101110
101100110010111010001010100000
100010101001001011111100110010
000000111001000101001011100110
101101101100100100011111110010
000100011110000100000100000000
010110111011101010010111111000
000011000010110111111101011110
011110000010010111111010110001
100010110100011100000100100101
011110000110100011111000110111
011101110001101101100101000001
011110111111010011011110011010
001111110100010111010011101111

111000101111000011010111001111
011111010001110111000110000101
110101100001001010110111001010
001110010110101110101100010110
101111010011001111011010101010
011100001000101010011000001100
101111111010101101101001010100
110110000001111100001001010110
110011100010000101000110000000
100000110001100100000010111001
001100110011011111010000110101
001010101011010000010010001111
011110100100001110000000001111
111101001101001011110110011100
111001110010101110011001101101
100111000100011000111111001000
001001100011111010001111010010
000101011100001000001110011011
001001011111101011010011010000
000111001001101010101000011111
100101000101101100011011110010
100011001011110101100100101011
011010011010100010101000010010
001011110111111111001010001000
001101001000111110011000101101
001001000100111000001001011011
011111000101001001100101011010
011111110011001100000111101011
010010011110110100000011101100
010001110101000110010001010111

100010110100100111110110001111
010001110001001101000000000111
110111001001011101011000111010
000101001011111000011101010011
010101010001011010000011001011
101101000011100010000101101000
001100110110111000110011101110
101111010101111110001100010110
100011010000111110000100000000
000100110001111011001110110001
110010101101010111001011111101
010100000101101101000001010010
011011100000110011101011100011
100111111110110011011111011110
010010100010001000001101110010
001001001001000000011110100110
110000111111101001101100011000
100001010110111110110001011001
101011011100000011001100010001
100001001101101101001010101111
100111111000000010111000101000
010010111111001010101101101011
100101000010001001100010000111
011100000101011000011101110000
111000011111000100000110011101
001011110011101001011100111110
000011011001010110011010010010
100011101001010111010110101011
010110111001110111000011010100
100110010011001011001001001110

100000111100110000100000001011
010000110000000100101111101111
011010011000010100111001101001
000010110000000001011110000000
101110001110111100010000010101
100100000010110110011001010100
001001101011110100011100110110
001110100010111010010010001010
011000001000001001101001110011
110011100000101100010010110010
101000010110110011110111000100
111001111101010101110111101110
111010100101100101000011011111
111000110001110110011000110010
101011101110001101011010001001
111100100101011000001110011010
011001101101011010011011111100
100000000101001000000010010000
100010100010000011001001111000
000010011001101001000000011101
110111001111000011000111000000
101010011101010110010011100000
011001110111011010100001110111
001010011100000101101100101110
110101011110000011001101011101
111010111001111110011011010001
011000000101111110100110010000
100010001101001101111000010100
011101000110011010010110000111
111111011010101000101101110101

011101110100100100010000010100
101100001011110110011111010010
100011110111100100000001001100
001000101011001010111011101001
010100100111011111100100111110
011100111101010011000111100011
011110001110110111100111000010
110100010001111010011100000100
101010111100111011110000001110
000101100001011111000110011101
000110110001111110010110100000
000011110000010000110001001001
100101001110110111101011100000
110000100000111011011100110000
100101111111111010111101010100
000111010010100001100100110000
110101110001010101100010000010
001010001000100000110111011001
010111011101010101111100100110
010011010010100011101101001010
100111000000100010101001000001
111101110011100101010011010100
100100001001110100001110111100
010111111100001010010110000000
011001001010101101111110010111
010101101010111100111000001110
100001111010001011111010000000
110001101010011100101000111101
000001001111101010001011111110
111011111101011101100100111011

101011100010111100111001011111
011100100000010010001101010000
111000110100110011011011010110
111011001001110100100100111010
100110011000010000011101110100
011000010000110010000110000000
010010111010111011001111100100
111100110100111101011111010100
110110101111011101110001011110
001110111001101000001001101100
111100000100011100000100011101
010010001101011101111110111010
010001000101100011010100000001
110100000110100000111100011100
000001010011010000000100000111
001100100111010111101010001110
011000100010101000000010111010
100000110110010100010000011111
001001111110110100101011111001
011011010100010100001000000000
010001001000010011110001101001
010110000111111011100010010011
110111011101001001011001001000
000110111010011100000001110111
011001000101000011100101001011
001110001000110110111000111110
101010101001111111001010001011
010001000111101001110000011101
010010111011110110111110110001
011011100100000001101110001010

010100101001010110110100011001
110101011100001010100100110100
011011000100010100100000010110
011110100110001010010101110001
111010111001000010010001010110
100110111111001101011101111101
111001000111001101000001111101
110001101110111011101101001100
011110010011000110101111001110
110111111110101100011111101100
011000111000001001100001001001
110011010000001101111011000101
000010101000101010011001110110
011110100001110010111100001100
101001111100010111110011000010
000101111101101011111000011110
010001010100111101001010110011
010110010111001001001011110101
000110001111100000011100100011
001000011000101111110000101110
000110000000000010110110010000
011111011100111011000100000011
001000000111111011111011100100
011100001001010101111010111000
000101111111001110000111111111
011001110011010010101101100101
101101110110110001011001100011
011111011011111100001001010111
001111000100101000001100010010
000111101100101100011010001110

010110110011100011111100011011
100111001101110110110100111110
111001000010010101010000011101
100001001001111101011001100111
000001010110011001001001101000
001111011100100010100111101110
100001110110101111011111000000
011001000110011010000010110100
011001111011000010111111111010
001000011010011000010100110111
000001111011011010011010101111
110110110011000000101000110101
001001110011101000100011011100
010001001111000110111111011100
100000111000110101111001100000
011001011111100101101100000010
011111010110110100011011011000
110111110110000011111000010011
011100110101011010100001010111
001001111001011110011010011010
011000100101011001001101000100
000101010101110000000000110111
111000111110110010111001001000
001100011110011100100111101011
110001011110101100101000000011
111000011011101111011100110110
001011111001011101111101011100
101001001011011010000110100110
010101010111101000010100000111
101000111100000110001110101000

011010110111010110010011000010
100000011000100001101000100100
000111001101001110100100110111
000101100100010100011011101010
101100101001111011110111100101
100111100100100110111100100010
110010001001011101100000011001
000111101100110001000100110101
011000011010010101000011100111
111100011100100011011101010111
011101101001111100101000100000
011001100110111110000110100101
011011000001001010110110100111
001111001111011111110101101011
010110001101000011001100100111
101000110110100001001111110011
101100101001111000101001110010
010000001110110011011110110100
110111000000010111101010100010
110100101010001000001110001000
010011111110100100010000011010
010000011100101111111000001110
010001110000100010100100010101
101000001010101000111101100010
011010101111111001011000010110
111100111111001010100101000000
000000001111111001001101100111
000111101000001011001001110000
111001101011000111010011011110
001000001010011111101001011010

011010000000101010111001000011
110010111000100110100010100000
000000111111001110010111100010
000110010101010000110010001111
101110110101110000010110110001
010100001010000000010010111011
110011100110011110111111100011
001110010101001011001100001101
010001100000010101001001001000
100110001111100101100111110010
111100110110101100001110011010
011101100010000011101100101110
001110000100000000100110101101
111101100110101101011110001011
110111111001100100001110110110
011010010001111111001010110101
010101100010000011101111011011
000000111100001011001100100100
011011011100100100110101000101
111011101100001111001111100101
000010001001001000001011101000
011101110100110100101010011100
100010101111000000011111000101
001111111100110000111010011000
101011111000100111100101001100
110010000010001011101101011000
000110111000001010101101111001
011100011000100000101000100010
011011111101101011011010101010
001110010001011000010010100100


